01247/0025 7 (160,160,3)
00628/0045 7 (160,160,3)
00391/0020 7 (160,160,3)
02028/0066 7 (160,160,3)
02774/0389 7 (160,160,3)
00288/0939 7 (160,160,3)
01582/0121 7 (160,160,3)
02552/0044 7 (160,160,3)
01121/0141 7 (160,160,3)
00730/0224 7 (160,160,3)
01569/0075 7 (160,160,3)
02585/0054 7 (160,160,3)
02418/0858 7 (160,160,3)
02523/0016 7 (160,160,3)
00274/0057 7 (160,160,3)
00274/0064 7 (160,160,3)
00059/0072 7 (160,160,3)
00906/0352 7 (160,160,3)
01099/0193 7 (160,160,3)
02853/0023 7 (160,160,3)
03330/0354 7 (160,160,3)
03330/0383 7 (160,160,3)
02488/0183 7 (160,160,3)
00924/0503 7 (160,160,3)
02483/0011 7 (160,160,3)
00243/0066 7 (160,160,3)
01469/0143 7 (160,160,3)
00645/0084 7 (160,160,3)
02638/0052 7 (160,160,3)
01275/0021 7 (160,160,3)
02194/0026 7 (160,160,3)
00473/0086 7 (160,160,3)
01634/0010 7 (160,160,3)
00419/1030 7 (160,160,3)
02864/0143 7 (160,160,3)
01724/0145 7 (160,160,3)
02167/0141 7 (160,160,3)
01478/0024 7 (160,160,3)
02451/0030 7 (160,160,3)
00107/0115 7 (160,160,3)
02656/0632 7 (160,160,3)
02357/0013 7 (160,160,3)
00744/0049 7 (160,160,3)
02888/0088 7 (160,160,3)
01951/0154 7 (160,160,3)
00826/0127 7 (160,160,3)
02837/0038 7 (160,160,3)
02971/0030 7 (160,160,3)
01859/0096 7 (160,160,3)
00328/0004 7 (160,160,3)
01698/0023 7 (160,160,3)
02919/0022 7 (160,160,3)
01857/0216 7 (160,160,3)
01911/0055 7 (160,160,3)
01911/0021 7 (160,160,3)
02571/0038 7 (160,160,3)
02597/0180 7 (160,160,3)
02608/0015 7 (160,160,3)
00830/0035 7 (160,160,3)
02759/0033 7 (160,160,3)
02487/0044 7 (160,160,3)
01278/0128 7 (160,160,3)
00534/0051 7 (160,160,3)
00758/0032 7 (160,160,3)
00179/0021 7 (160,160,3)
01127/0042 7 (160,160,3)
00589/0019 7 (160,160,3)
00442/0022 7 (160,160,3)
01604/0773 7 (160,160,3)
01604/0257 7 (160,160,3)
02009/0112 7 (160,160,3)
02270/0003 7 (160,160,3)
03131/0018 7 (160,160,3)
01135/0007 7 (160,160,3)
00241/0038 7 (160,160,3)
02249/0538 7 (160,160,3)
02249/0149 7 (160,160,3)
02735/0195 7 (160,160,3)
01017/0014 7 (160,160,3)
00639/0030 7 (160,160,3)
01893/0628 7 (160,160,3)
00767/0006 7 (160,160,3)
01383/0056 7 (160,160,3)
00705/0037 7 (160,160,3)
00098/0191 7 (160,160,3)
00332/0530 7 (160,160,3)
02949/0092 7 (160,160,3)
01194/0860 7 (160,160,3)
00018/0021 7 (160,160,3)
01871/0038 7 (160,160,3)
01393/0132 7 (160,160,3)
01872/0035 7 (160,160,3)
02308/0907 7 (160,160,3)
02796/0158 7 (160,160,3)
01840/0043 7 (160,160,3)
03171/0023 7 (160,160,3)
02764/0042 7 (160,160,3)
02729/0090 7 (160,160,3)
02489/0092 7 (160,160,3)
02205/0920 7 (160,160,3)
