00019/0001 7 (160,160,3)
00019/0002 7 (160,160,3)
00019/0003 7 (160,160,3)
00019/0004 7 (160,160,3)
00019/0005 7 (160,160,3)
00019/0006 7 (160,160,3)
00019/0007 7 (160,160,3)
00019/0008 7 (160,160,3)
00019/0009 7 (160,160,3)
00019/0010 7 (160,160,3)
00019/0011 7 (160,160,3)
00019/0012 7 (160,160,3)
00019/0013 7 (160,160,3)
00019/0014 7 (160,160,3)
00019/0015 7 (160,160,3)
00019/0016 7 (160,160,3)
00019/0017 7 (160,160,3)
00019/0018 7 (160,160,3)
00019/0019 7 (160,160,3)
00019/0020 7 (160,160,3)
00019/0021 7 (160,160,3)
00019/0022 7 (160,160,3)
00019/0023 7 (160,160,3)
00019/0024 7 (160,160,3)
00019/0025 7 (160,160,3)
00019/0026 7 (160,160,3)
00019/0027 7 (160,160,3)
00019/0028 7 (160,160,3)
00019/0029 7 (160,160,3)
00019/0030 7 (160,160,3)
00019/0031 7 (160,160,3)
00019/0032 7 (160,160,3)
00019/0033 7 (160,160,3)
00019/0034 7 (160,160,3)
00019/0035 7 (160,160,3)
00019/0036 7 (160,160,3)
00019/0037 7 (160,160,3)
00019/0038 7 (160,160,3)
00019/0039 7 (160,160,3)
00019/0040 7 (160,160,3)
00019/0041 7 (160,160,3)
00019/0042 7 (160,160,3)
00019/0043 7 (160,160,3)
00019/0044 7 (160,160,3)
00019/0045 7 (160,160,3)
00019/0046 7 (160,160,3)
00019/0047 7 (160,160,3)
00019/0048 7 (160,160,3)
00019/0049 7 (160,160,3)
00019/0050 7 (160,160,3)
00019/0051 7 (160,160,3)
00019/0052 7 (160,160,3)
00019/0053 7 (160,160,3)
00019/0054 7 (160,160,3)
00019/0055 7 (160,160,3)
00019/0056 7 (160,160,3)
00019/0057 7 (160,160,3)
00019/0058 7 (160,160,3)
00019/0059 7 (160,160,3)
00019/0060 7 (160,160,3)
00019/0061 7 (160,160,3)
00019/0062 7 (160,160,3)
00019/0063 7 (160,160,3)
00019/0064 7 (160,160,3)
00019/0065 7 (160,160,3)
00019/0066 7 (160,160,3)
00019/0067 7 (160,160,3)
00019/0068 7 (160,160,3)
00019/0069 7 (160,160,3)
00019/0070 7 (160,160,3)
00019/0071 7 (160,160,3)
00019/0072 7 (160,160,3)
00019/0073 7 (160,160,3)
00019/0074 7 (160,160,3)
00019/0075 7 (160,160,3)
00019/0076 7 (160,160,3)
00019/0077 7 (160,160,3)
00019/0078 7 (160,160,3)
00019/0079 7 (160,160,3)
00019/0080 7 (160,160,3)
00019/0081 7 (160,160,3)
00019/0082 7 (160,160,3)
00019/0083 7 (160,160,3)
00019/0084 7 (160,160,3)
00019/0085 7 (160,160,3)
00019/0086 7 (160,160,3)
00019/0087 7 (160,160,3)
00019/0088 7 (160,160,3)
00019/0089 7 (160,160,3)
00019/0090 7 (160,160,3)
00019/0091 7 (160,160,3)
00019/0092 7 (160,160,3)
00019/0093 7 (160,160,3)
00019/0094 7 (160,160,3)
00019/0095 7 (160,160,3)
00019/0096 7 (160,160,3)
00019/0097 7 (160,160,3)
00019/0098 7 (160,160,3)
00019/0099 7 (160,160,3)
