00006/0012 7 (160,160,3)
00011/0029 7 (160,160,3)
00013/0031 7 (160,160,3)
00024/0010 7 (160,160,3)
00024/0034 7 (160,160,3)
00039/0048 7 (160,160,3)
00051/0005 7 (160,160,3)
00052/0205 7 (160,160,3)
00053/0013 7 (160,160,3)
00053/0049 7 (160,160,3)
00067/0051 7 (160,160,3)
00067/0054 7 (160,160,3)
00067/0118 7 (160,160,3)
00068/0038 7 (160,160,3)
00078/0003 7 (160,160,3)
00078/0015 7 (160,160,3)
00080/0007 7 (160,160,3)
00080/0093 7 (160,160,3)
00080/0103 7 (160,160,3)
00086/0117 7 (160,160,3)
